0,42.2,81,73.7,50.3,78.7,59.9,61.7,60.9,15.3,112.6,17.5,15.8,35.8,86,96.9,73.2,30.1,82,28.3,86.3,83,47.2,21.6,27.3,7.8,9.9,75.7,30,99.4,93.5,81,70.2,89.9,71.3,35,36.1,50,20.5,86.8,86.3,83.9,8.1,93,77.8,85.2,36.1,29.7,47.1,49.4,104.4,30.9,93.2,110.2,81.8,91.4,20.5,49,32.6,100.2,30.6,70.4,30,32.9,17.9,53.2,59,68.2,110,99.6,79.1,79.9,13,59.2,90.8,72.5,74.6,77.8,35.5,47.4,81.3,53,96.5,26.1,79.8,99.6,59.2,76.2,63.7,66.5,73,76.1,95.2,22.2,70,86.8,47.5,34.1,96.5,47,92.6,26.1,57.8,50.5,69.1,35.8,95.4,84.5,12.6,79.2,99.7,83.2,58.5,30.7,101.4,59,56.8,19.1,108.3,38.3,77,59.9,111.8,53.2,48,84.2,81.8,83.7,79.9,38,80.5,67.7,71.6,88.2,67.5,67,23.8,66.1,46,108.2,6.4,20.6,48.1,76.2,55.2,119,77.8,94.8,101.8,96.6,66.6,115.5,37.1,50.7,41.2,41.2,56.9,93.4,99.3,94.8,43.1,52.2,79.2,43.3,74.9,68,44.9,64.8,88.1,82.8,60.7,70.9,87,104.9,111.8,93.4,54.4,43.7,52.5,36.9,51.1,51,32.8,62,73,68.9,80.2,34.1,26.2,115.1,72,74.1,43.2,38.9,71.7,53.1,41,99.6,36,57,17.5,105.2,50,60.8,67.9,23,64.4,31.6,52.6,94.6,98.4,56.4,59.6,99.6,62.1,71.2,96.4,67.7,92.5,37.2,85.2,22,85.9,92,87.5,41.6,46.4,81.1,76.4,51.2,38,61.7,38.3,10,95.4,73.4,88.2,97.2,52.4,59.2,87.7,62.6,19,99,32.3,54.6,34.2,26.4,90.3,49.5
42.2,0,78.1,32,28.6,81.3,64.3,39,18.7,44.3,90.7,34.5,36.3,48.9,46.3,82.3,53.3,13,42.7,17.7,50.6,87.6,8.5,23.1,28.6,38.1,38,56.5,29.2,81.9,55.7,90,63.2,86.3,88.2,10.8,23.1,66.6,26.3,88.1,59.8,61.4,36.8,53.2,72.2,56.6,63,30.5,20.6,17.9,79.8,26.4,56.8,89,79.1,60.9,27.5,63.1,36.2,79.8,19.4,65.1,58,23.3,25.1,11.2,37.9,81.9,89.4,77.4,38.6,67.9,29.7,71.5,49,58,71,67.3,31,44.7,61.7,14.4,61.9,56.1,38,76,23.4,38.5,53.3,40,92.1,93.6,62.8,23,28.1,79.1,34,58.8,90.9,71.4,79.1,19.2,61.2,38,75.5,33.2,74.8,49.4,50.1,41.2,69.4,83,75.6,12,84.1,19.7,38.1,43.9,91.7,56.3,80.5,17.7,97.9,18.4,11.4,43.2,83.1,60.2,67.2,11.4,56.6,26,73.3,70.8,80.7,88.2,18.4,39.1,36.1,88.7,36.5,43.9,62.2,49.4,51.2,98.5,68.1,82.6,82.8,76.5,50.7,97.5,5.1,8.5,44.6,44.6,57.7,52,72.2,83.2,13.2,53,68.4,57.7,82.8,88.6,3.6,22.6,55,85.2,71.8,57.5,46.9,93.3,95.8,78.8,28.2,18.1,27.5,56.6,36.1,72.4,19.2,82.9,38,74.1,59.9,30.5,19.8,95.9,30.1,35.5,43.7,55.2,50.6,64.3,42.1,67.2,10.3,20,45.8,76.4,13.5,40.2,56.7,22.2,23.2,42.7,30.1,60.2,79.2,63.3,44.7,78.9,22.1,72.2,76.9,76.4,74.7,59.8,66.2,22,60,77.5,46,7.6,48.8,80,66.1,50.8,33.5,66.3,32.3,44.7,76.9,80.6,68.4,73,49.4,41.2,82.5,65.9,24.6,90.2,11.2,22.2,51,43.3,73,45.4
81,78.1,0,83.2,50.1,10.4,21.9,43.7,84.3,95.4,48.1,91.8,91.7,45.6,79.1,26,34.1,80.6,76.2,85.4,67,15.8,72.1,84.1,58.5,73.6,71.3,32.2,56,32.2,75.9,24.2,15.1,8.9,38.1,69.6,56.9,38.9,87,11.7,46,37.5,73.9,83,6.7,50.2,56,55.4,58,62.2,48.4,57.3,71.5,45.1,1,56,88.3,36.6,50.2,38.1,63.6,13,58.9,58.5,81,83.3,43,31,44,41.1,79.2,17.7,74.7,30.1,92.3,25.1,7.1,15.6,51,35.7,31.8,70.6,67.9,62.3,86.4,44,64.8,69.8,25.2,47.5,43.3,40.8,61.7,68.6,83.8,10,44.1,54,15.6,50.6,22.2,68.4,23.4,40,18.4,49.3,36.4,65,73.8,71.2,58.5,6.4,37.4,79.4,33.1,71.6,41.4,98.4,36.3,46,12.2,84.2,35.5,64.6,69.1,84.1,8.6,39.6,19.1,67.3,40.4,81.3,11.2,28.2,30.1,46,76.9,48.5,42.4,41,81.9,60.8,37.2,46,27.9,50.2,14.2,21,36.3,35.7,30.7,43.7,77.4,81.2,40.2,40.2,24.2,91.3,51,20.1,65,29.1,15.6,40.4,20.2,45,81,85.1,60.9,11.4,27.9,24.2,81.3,27.3,38.1,24.3,52.6,60,52.3,48.2,42,45.3,62.2,44.4,62.6,16.8,33.2,52.2,67.4,45.3,84.4,71.6,39,44.6,36.7,31.6,41.2,63.6,69.5,67.3,64.8,57.7,68.3,41.2,22.8,84.8,77.6,49.4,49.3,66.5,34.9,26.2,34.4,38.3,73.2,10.8,34.5,22.4,29.7,50.6,30.8,82.9,44.6,23.5,88.2,85.2,34.9,3.6,15.8,30.5,47.8,20.6,48.5,72.2,32.3,19,32.8,44.3,30.4,38.6,7.2,19.1,71.5,19.7,81.2,60.8,48.2,54.6,28.2,34.2
73.7,32,83.2,0,38.2,89.9,77.4,39.8,14.9,76.2,77.4,66.3,68.2,70.8,17,77.1,50.2,45,15,49.3,27.7,96.6,26.7,55,54.1,68.7,68.2,53,53.2,74.1,28.3,101.7,68.5,89.6,105.1,39.1,44.8,86.3,58.1,94.7,47.3,53,67.5,22.8,76.6,42.4,88,54.6,33.6,28.8,65.3,50.5,31.4,76.7,84.2,43,59.2,82,58.5,69.5,45.9,71.2,84.1,47,57,22.6,41.2,97.6,77.5,65.8,9.2,67.9,60.8,88,17.1,58.5,77.1,68.7,51.9,59.5,56.3,21.5,38.3,83.2,6.1,63.2,20.5,16.3,59,35.7,109.9,110.3,42,52.6,4.5,80.3,46.7,83.5,92,94.2,75.3,48.5,74.4,49,87.7,53.8,65.2,27.9,80.1,17.1,50.2,89.3,94.1,44,76.1,16.1,43.6,75.5,83.3,78.6,89.9,15.8,91.1,24.4,26.6,11.7,90.5,51,66.7,36.7,48,6,82.8,65.1,96.2,107.5,50.2,34.8,50.2,77.9,68.3,71.2,81.3,40.1,62.4,85.6,69.9,79.4,73.3,67.2,52.6,87.1,37,24.2,63,63,70.2,20,56.3,80.5,32.7,66.8,69.4,78,94.7,107.5,30.1,11.2,35.1,93.1,87.5,59.1,16.6,89.1,87.4,74.2,33.4,35,34.7,79.6,46.2,93.6,44.4,102.5,22,85.8,54.3,52.2,48.8,84.5,2.8,13,60.8,77,47.3,81.4,60.2,45.7,38.1,20,74.1,57.8,25.1,42.5,60.5,54.1,9.5,65.7,37.6,37.2,70.2,78.2,50.1,68.5,13,81.4,68.1,89.9,68,83.5,60.1,54,48.2,73.2,14,35.7,65.1,86.2,68,64.7,52.8,79.1,51.4,74.7,69,92.4,61,60,62,45.7,85.2,77.9,55.1,88.8,43,26.2,74.1,68.5,67.1,58.9
50.3,28.6,50.1,38.2,0,54.6,39.8,12,35.1,59.9,65.1,52.5,53.4,34,42.5,54.1,25.8,34.7,38.5,40.2,38.1,61.1,22,41.7,23.5,43,41.5,28.8,21.2,54.4,46.7,65,35,58,67,22.5,14.3,48.3,45.3,60.7,36.4,35.4,42.4,49,44,34.9,52.2,22.1,8.1,12.2,55.4,19.6,45.1,63,51.1,41.1,46.7,43.9,23.3,53.3,20.8,37.1,49.5,17.5,40.5,33.2,10,59.6,63.1,51.6,38.3,39.3,38.5,49.8,52.4,29.4,43.2,38.6,17,21.3,34.4,20.9,47.2,49.6,43.2,51,17.7,31.4,25,16.2,71.7,72.2,45.1,29.2,37.2,50.5,8.5,47.8,62.4,56.9,50.7,26.4,36.7,11.2,50.6,18.2,48.3,36.1,51.4,34.2,49.4,55.4,55.9,33.3,56.6,23.3,9.5,61.4,64.1,41.6,54.1,34.8,69.8,15.2,19,44.1,55.9,34.7,38.6,19.2,31.2,34.4,46.8,43,58.2,69.3,33.9,15.8,12,62,47.4,39,43.3,25.9,25.1,72.3,39.5,54.1,55.8,49.8,22.1,70.5,29.2,31.1,25.2,25.2,32.6,53.3,49.4,54.7,15.5,28.8,39.8,40.2,57.8,69.3,31.3,36.7,38.3,58.2,49.4,28.9,44.3,64.8,68.1,50.6,5.4,10.8,3.6,43,8.5,55.8,18.6,64.4,25.7,48.8,32.8,18,25.8,69.2,38.4,30.9,22.8,39.8,23.4,43.2,22.5,49.5,22,18.9,43,55,18.2,12.2,28.2,41.8,30.2,30.1,2.2,45.2,52.2,40.2,16.1,52.5,25.8,45.6,50,52.4,47.2,47,38.8,40.3,36.1,49.2,48.3,36.1,26.9,52.3,37.5,26.6,16.5,41.6,15.3,46.7,49.6,55.5,41.4,48.3,24.2,12.6,54.1,40.7,32.8,61.6,34.5,12.2,37.7,34.4,45.3,20.8
78.7,81.3,10.4,89.9,54.6,0,19,50.1,89.6,93.6,58.3,91.1,90.8,43,87.2,36.2,42.5,82.2,84.1,86.6,75.7,6.7,76.1,84.5,58.9,71.7,69.5,41,56.6,42.6,84.9,13.9,21.6,14.9,28,72,59,32.6,87.1,8.1,55.6,47.2,72.2,91.5,15.8,59.5,50.2,55.7,62.2,66.7,58.8,58.3,80.6,55.3,10.2,65.6,88.3,31.2,50,48.5,65.1,18.9,53.9,60.1,81,87.7,48.8,21.4,54.2,51.5,86.6,27.5,74,22.8,100.1,33.3,13.5,25,52.2,37,41.4,75.4,77.5,57.6,93.5,54.4,70.6,77.4,30.9,54.7,33.1,30.4,71.4,69.1,90.1,20.2,47.5,48.9,21.9,43.3,32.6,69.5,21.6,43.7,10.6,50.2,46.8,73.7,70.2,79.1,68.6,6.3,29.1,81.2,43.3,77.2,46.8,96.9,46,41.6,2.2,89.3,44.1,69.6,73.3,91.8,3.6,49.2,28.8,70.1,49.6,87.5,8,38.5,20.6,36.2,77.8,55.6,45.2,51.2,80.4,58.1,32,54.6,30.1,60,23.6,31.1,46.7,46.2,37.7,53.2,80,85.3,39.8,39.8,24.1,99.4,61.3,30,68.6,29.2,25.2,36.1,10,35.1,84.5,90.8,70,4.1,20.6,32,89.4,35.9,47.4,34.7,57.9,63.6,57.3,43.6,46.1,37.7,64,35.2,70.2,10,42.6,53.2,68.5,55,90.9,78.9,39.3,40.5,44.8,26.4,41.4,73.5,72,72.7,61.8,68,72.8,47.4,29.7,85.3,83.6,47.8,54.1,75.9,45.4,22.4,39.9,48.8,79.1,9.1,44.9,13.9,40.2,45.3,40.8,83.4,54.2,34,96,88.1,34.5,7.1,24.8,31.1,49.1,17.1,50,69.4,42.7,9.2,42.9,54.6,32,44.4,16,16.5,71.6,27.9,83.1,66.1,44.8,52.4,38.6,36
59.9,64.3,21.9,77.4,39.8,19,0,38.9,74.7,74.7,65.1,72.1,71.8,24.2,77.9,44.3,36.8,64,74.3,68.1,68.5,24.2,60.1,65.8,40.2,52.8,50.6,36.7,38.1,49.2,77.9,25.7,18,30.5,28.4,54.5,41.4,18.4,68.2,26.9,52.5,45.1,53.3,83.2,21,55.2,34.5,37.1,46.6,51.5,62,40,74.4,62.2,22.6,62,69.4,15.2,31.3,53.3,47,16.1,37,42.1,62.2,71.8,36.8,20.5,61.4,55,75.7,29.2,55.1,12.6,89.8,28.9,17,26.2,34.1,19.6,39.6,60.4,72.9,40.4,81.8,57,57.1,67.2,21.5,44.7,33.6,33.2,67.8,50.4,76.9,30,31.8,32.2,37.5,30.6,39.8,51,3.2,28.7,11.2,32,50,66.3,52,69.4,67.2,23.3,20.6,63,50.7,63.1,34.1,78,55.7,24.1,17.5,74.3,56.4,55,57.6,81.3,21.9,46.6,30.1,53,45.5,74.1,11.7,41,19.1,33.1,59.2,45.3,28.8,58.7,61.5,39.4,15.7,47.9,15,69,25.3,40.3,53,50.2,29.5,63.3,62.5,69.3,21.1,21.1,7.2,89.8,61.7,39.8,52.2,11.4,27.3,18.4,18.4,32.6,67.7,76.5,64.4,23.1,11.2,26.9,80,48.5,58.2,41.5,44.1,47.4,43,26.2,31.4,26.1,46.2,29.4,60.1,10,40,35,50,64.2,77.9,67.9,21,22.6,38,10.4,23,70.8,54.6,58.7,43.3,68.7,57.4,36.1,23.1,66.6,70,28.8,40,71.1,50.5,4.5,28.3,53.2,65.5,11.4,49.3,12.5,44.3,28.8,41.1,64.6,51.2,40.3,85.6,70.7,16,21.4,25.1,13.6,31.1,2,32.2,50.8,47.4,16.3,44,56.1,15.7,32.5,29.1,2.8,52.8,41.4,65,52,26.4,33.5,42.2,19.3
61.7,39,43.7,39.8,12,50.1,38.9,0,41.1,71.8,53.1,64.5,65.4,40.4,39.1,43.3,14.3,46.4,35.4,52,31,56.8,31.3,53.7,34.5,54.2,52.6,17.5,32,42.9,40.3,62.1,28.8,50.6,67.3,34.2,26.1,51.4,57.3,55,24.6,23.3,53.7,44.7,37.1,23.8,58.9,32.6,18.9,21.2,43.4,30.9,37.6,51.1,44.6,30.4,58.7,47,32.2,41.4,32.8,31.4,57.1,29.2,52.5,41.3,3,59.4,51.2,39.6,37,30,50.2,50.6,51,20,37.3,30.1,26.9,24.4,22.8,28.2,38.2,58,43.6,38.9,21.2,28.3,19.2,6.3,72.3,72.1,35.1,41,40.2,42,15.1,54.6,54,61.7,40.3,38.4,36.1,14.1,48.4,27.5,36.4,28.8,61.6,30.5,38.3,49.6,57.7,45,45.2,28.2,6.1,73.4,52.8,47.3,50.1,41,58.9,22.2,28.2,42.5,50.7,22.7,29.1,30.8,19.2,37.6,43,31.8,58,71,46,6.7,18,50.2,59.2,48.5,46.5,14.6,24.2,60.4,31.1,43.9,44.1,38,13.2,58.8,40.3,39.6,30.6,30.6,31.9,50.9,37.6,44.7,26.4,29.7,31,44.6,55.2,70.8,41.1,41.6,29.2,53.3,49.7,20.1,41.1,54.6,56.8,39.8,10.8,22.2,11.7,49,12,59.5,30.6,66.6,21.3,46.4,21.1,28.2,37.8,57.4,40.9,29.2,27.7,45.4,11.7,44.9,28.3,39.2,33.6,24,52.8,43.5,26.7,2.8,20.9,53.8,34,38,9.9,36.2,40.5,40.6,10.6,40.6,29.6,41.7,38.3,51,35.8,53.2,27.3,52.3,24.2,38.6,46.8,46.6,30.1,46.5,29.2,27.8,25.3,40.3,24.5,57.3,38.1,53,29.7,36.2,24.7,6.4,46.4,38.9,44.7,52.2,46,18.1,44.4,43.1,34,22.8
60.9,18.7,84.3,14.9,35.1,89.6,74.7,41.1,0,62,86.5,52,54,63.7,31.4,82.7,54.1,31.3,28.6,35,39.7,96.2,16.3,41.1,44.8,56.6,56.5,57.1,44.6,80.8,42.2,100.1,69.2,91.7,101,27.8,36.8,80.6,44,95.3,55.4,59.4,55.4,37.6,77.9,51.1,79.5,46,28.2,23.3,74.7,41.8,44.6,85.4,85.3,53.3,45,76.6,50.9,77.2,35.8,71.6,75,38.2,43.6,8,41.4,94,86,74,23.3,71,48.4,83.9,31.1,61.1,77.7,71.2,44.7,55.5,61.5,14.3,50.9,73.5,20.4,71.9,20,27,59.2,39.1,105.4,106.3,53.6,41.1,10.4,83.2,43,75.2,95.1,87,80.3,37.1,71.6,46.2,85.6,46.9,72.5,39.2,68.5,29,61.3,90,89.1,30.4,83,13,43,61.1,90.5,71.4,89.2,1,97.7,19.9,17.8,26.6,90.7,57.7,70,26.4,54.3,9.4,81.9,70.7,92.7,102.2,37.1,38.1,46.1,86,55.1,61.3,75.8,46.3,60.2,94.7,72.2,84.2,80.8,74.5,54.2,95.2,23.8,10.2,57.4,57.4,67.6,34.5,66.2,85.1,24.1,63.5,72.1,71.8,92.8,102.4,16.1,4,46,93.1,83.7,61.2,31.3,94.5,94.6,79.5,31.8,28,32.3,72.1,43.7,87.2,34.8,97,30,83.9,59.5,44.6,37.6,93,12.4,23.4,55.8,70.1,51.1,76.9,54.6,57.6,26.9,17.1,63.6,68.8,17.5,43.3,61.7,40,9.4,58,35.4,49.6,77.4,74.7,50,76.2,12.4,80.7,75.2,87.2,74.1,75.7,65.8,40.2,56,78.4,28.6,21.1,60.5,86.9,70.3,61.3,46.4,76.6,45,63.2,75.7,90.6,67.3,68.7,59.1,45.7,87.5,75.8,43.1,93,29.2,23.5,66.5,59.7,72.8,55.5
15.3,44.3,95.4,76.2,59.9,93.6,74.7,71.8,62,0,124.2,10,8,50.7,90.4,109.8,84.5,31.3,86.7,27,93,98.1,51.2,21.2,38.9,21.9,24.2,87.2,41.7,111.7,99.2,96.3,83.8,104.3,86.5,40.5,45.8,65.3,18,101.6,96.3,94.8,21.5,97.3,91.8,94.5,51,41.8,55,56.1,115.2,41.8,99.6,121.9,96.3,100.2,17,64.3,45.8,111.9,39.1,84.3,45,42.8,20.2,54,69.4,83.5,121.8,110.9,82.9,93,21.9,74.5,93,84.9,88.8,91,47.4,60.8,92.8,57.5,103.8,41,82.1,110.6,65.1,81.7,76.6,75.8,88.1,91.3,103.4,30.8,72.1,100.7,58.8,49.3,110.8,62,105.6,33.6,72.4,62.2,84.2,48.2,107.1,91.4,27,84.6,108.7,97.9,73.8,32.4,113.8,63.3,67.6,4.1,121,53.6,91.9,61,125,59.1,52.9,87.5,96.7,94.4,92.8,44,91,70.2,86.3,100.4,82.8,82,27.5,75.3,58,120.3,13.6,35.7,63.3,85.8,68.8,131,91.2,108.1,113.9,108.4,78.5,128,39.5,52,55.2,55.2,71.2,96.2,109.3,108.2,49.4,66.4,92.5,58.5,90.1,83,46,66,95.9,97.7,76,83.5,91.1,118.4,124.6,106.2,63.1,51.4,61.4,52.2,62.4,66.2,41.3,77.1,79.7,83.9,91.5,46,34.1,127.3,74.1,79.1,56.9,54.1,82.6,68.3,54.6,107.8,41.4,62.4,32.8,114.7,55.1,71.4,80.8,22.1,67.5,46.1,62.1,102,110.4,71.3,71.4,111.3,66.1,85.9,108.3,82.9,104.7,52.5,97,22.4,96,104.8,90.2,41,60.5,95.7,89.6,65.2,50.2,76.6,50.2,25.3,107.5,88.5,99.9,108,66,70.3,101.9,77.4,27.2,112.9,33.1,61.5,49.3,41.2,102.5,62.8
112.6,90.7,48.1,77.4,65.1,58.3,65.1,53.1,86.5,124.2,0,117.4,118.2,82.9,64.3,22.1,39.7,99.4,63.8,105,50.5,62.2,82.4,106.8,85.6,104.9,102.9,37,82.8,16,55,71.2,47.5,45.4,86.2,87.2,78.6,83.5,110.3,55.5,31.3,29.7,104.6,64,45.1,35.5,98.4,83,71.7,73,12.2,82.5,50,3,48.2,34.5,111.7,80,80.5,12.5,85.6,49,99.4,81.5,105.4,89.9,55.2,79,4.1,13.5,69.2,36.1,102.3,76.4,77,40.7,49.2,39.1,77.2,66.6,31.4,77.5,43,101.8,77.1,14.8,68.5,61.1,50.1,50.8,91.4,88.7,37,93.5,80.4,38.1,65.4,95.2,40.9,95.7,26,91.2,64.8,62.2,66,76.8,17.2,49.8,109.7,60.4,29,52.6,84.3,97.9,15,74.7,56.6,126.1,14.4,86.6,60.2,86.9,21.9,72.4,79.3,71.4,55.6,30.6,35.4,83.7,34.2,79.1,58,25.1,78,94,99,51.6,66.6,7.3,111,95.8,80.3,41.3,60,8.2,39.8,27.3,12.2,16.1,46,12.1,92.8,89.1,73.8,73.8,62.6,74,21.2,28.4,79,65.2,37.9,81.6,68.3,93,92.1,85.1,42.6,57.9,74.3,42.5,66.2,26.9,16.3,24,63.3,75.2,64.5,88.9,61.8,91.1,83.5,92,56.6,64,32.6,78.6,90.6,8.5,79.8,64.6,71.1,84.8,41.7,75.5,72.9,35.1,86.6,72.1,100.2,22.4,77.4,53,46.1,106.8,77.3,83.6,63,43,14.9,69.4,53,13,74.3,57.1,16.6,70,21.2,92.3,27.5,105.4,30.9,25.1,74.2,98.2,69.9,51.2,40.3,65,74.6,64.8,74.4,106.3,18,67.1,24.4,17.9,62.6,53.9,42.6,62.8,97.1,33.6,98.9,68.5,86.5,89.5,23.4,64.4
17.5,34.5,91.8,66.3,52.5,91.1,72.1,64.5,52,10,117.4,0,2.2,48.8,80.8,104.2,77.8,21.6,77.1,17,83.9,96,41.8,11.7,33.6,21,23,80.6,36.4,105.6,89.8,95.2,79.3,100.7,87,31.8,38.9,65.1,8.2,99,88.6,87.8,20,87.7,87.7,86.5,52.8,36.7,46.9,47.4,107.9,35.8,90.5,115.3,92.7,91.9,7.1,63.4,41.6,105.4,31.8,80.1,46.7,36.1,12,44,62.3,83.2,115.3,104,73.2,87.7,17.1,73.6,83.1,79,85,86,41.9,56.4,86.3,48.1,94.9,43,72.2,103.5,56.1,72.4,71.3,68,89.2,92,94.8,24.2,62.1,96.3,52.5,50.2,106.9,63.6,100.2,26.2,69.6,56.2,82.2,43,100.4,82.5,30.1,75.3,100.5,94.9,74,22.8,107.8,53.9,60.8,9.5,115.1,53.1,89.6,51,119.6,50.2,43.7,77.6,93.9,87.2,87.4,35.4,83.7,60.3,83.5,94.3,82.3,83.5,18.9,67.4,52.2,113.9,12.2,35,62.4,78,64.4,124.5,86.3,102.9,107.6,101.8,72.3,121.9,29.8,42.1,51.6,51.6,67.8,86.3,101.6,103.2,40.7,62.8,87.4,57.4,88.6,84.4,36.1,56,87.2,95.2,74.8,77.8,81.4,113.4,118.8,100.6,55.2,43.3,53.6,52,56,67.2,34,78.3,70.8,81.7,84.9,40.5,26.9,121,64.1,69.6,52.8,53.2,75.7,66.9,50.6,99.3,32.6,53.1,33.1,106.8,45.9,64.4,75.5,12.4,57.7,43.4,54.7,93.1,104,69.1,65.3,104.7,56.5,82.9,101.9,81.4,98.5,53.1,90.6,13,88.4,99.2,80.3,31,57,92.5,84.6,61.3,44.9,74,44.7,26.7,101.2,86.9,93.3,100.8,61.7,63.7,97.9,74.6,20.8,108.4,23.3,52.8,48.3,39.5,96.4,58.2
15.8,36.3,91.7,68.2,53.4,90.8,71.8,65.4,54,8,118.2,2.2,0,48.3,82.6,104.6,78.5,23.3,78.9,19,85.4,95.6,43.4,13.3,33.8,20,22.1,81.3,36.6,106.2,91.5,94.5,79.4,100.6,86,33.1,39.6,64.2,10,98.7,89.6,88.6,19.1,89.4,87.7,87.7,51.5,36.9,48,48.8,108.9,36.2,92,116,92.6,93.2,9,62.6,41.6,106.1,32.6,80.1,45.4,36.8,13,46,63.1,82.4,116,104.8,75,88,17,72.8,85.1,79.5,85,86.3,42.2,56.4,87,49.7,96.4,41.6,74.1,104.4,57.6,74,71.6,69.1,88.1,91,96.2,24.8,64.1,96.4,53.1,49.1,106.9,62.4,100.6,27,69.3,56.7,81.7,43.3,101.1,83.9,28.5,76.9,101.7,94.7,73.1,24.5,108.4,55.5,61.6,8.1,115.6,52.2,89.2,53,120,51.6,45.2,79.5,93.6,88.1,87.8,36.7,84.6,62.2,83.2,94.8,81.5,82.3,20.1,68.5,52.6,114.6,11,34.1,61.7,79.1,64.5,125.2,86.5,103.2,108.2,102.5,72.9,122.5,31.6,44,51.5,51.5,67.6,88.2,102.6,103.5,42,62.6,87.7,56.7,88.1,83.2,38.1,58,88.6,94.9,74.1,78.2,83.2,113.7,119.3,101,56.3,44.4,54.6,51.1,56.6,66.1,34.8,77.2,72.2,81.3,85.6,40.8,27.7,121.7,66.1,71.3,52.8,52.5,76.5,66.3,50.5,100.6,34,54.7,32,107.9,47.4,65.2,75.8,14.1,59.5,43,55.6,94.5,104.7,68.7,65.9,105.4,58.2,82.6,102.5,80.8,99.1,52,91.2,14.6,89.4,99.6,82.2,33.1,56.9,92.3,84.9,61.3,45.2,73.7,45,25.3,101.9,86.3,94,101.7,61.8,64.4,97.9,74.3,21.3,108.6,25.2,54.1,47.5,38.8,97,58.3
35.8,48.9,45.6,70.8,34,43,24.2,40.4,63.7,50.7,82.9,48.8,48.3,0,76.6,64.4,46.5,44.6,72.5,47.7,71.1,47.4,47.5,44,20.6,28.8,26.6,48.1,19.7,68,80.1,46.4,36.6,54.4,40.3,38.1,26.9,18,46,51,62.2,57.1,29.4,83,43.1,63,18.4,18.4,37.2,42,76.9,22.5,77.9,80.1,46.4,70,47,15.1,12.8,70.4,29.5,36.2,17.1,25.8,40,58.6,37.5,35.1,79.6,70.8,72.1,47.5,32.1,25,86.1,42.4,39.6,44.9,19.1,17.1,52.9,50.2,78.6,19,76.3,71.8,50.8,65.4,32.9,46.7,43.7,45.6,75.1,29.6,68.9,52.3,26.2,14.1,61.2,23.4,59.9,31.6,22.2,26.3,33.5,17,66.1,68.9,28.3,68.2,77.1,47.5,27.2,44,69.8,54.8,34.4,54.1,76,7.8,41.2,63,78.2,46.4,46,77.9,46.1,57.7,47.9,38,55.3,66.1,35.8,57.8,34.1,39.4,38.6,46.9,22.8,77.4,37.6,15.3,14.1,54,22.8,88.1,44.7,61.4,71.1,66.9,38.6,83.5,45.6,55.8,10,10,21.9,87.2,74,61.2,39.6,18,46.3,9.2,39.8,39.8,52.5,66.5,69.6,47,26.1,40.5,78.3,70.8,79.1,61.1,39.4,36.1,37.6,8.9,28.6,23.6,29.7,34,59.5,33.2,52.4,19.1,30.7,83.7,70.4,64.8,13,6.4,46.2,18.1,12.2,79,38.6,50.8,19.2,80.8,46.7,38.2,36.8,45.1,61.8,6.3,35.5,76.7,68,20.6,33.1,70,57.8,35.5,66.3,32.6,61.7,13,56,43.1,61.3,59.7,82,53.7,13,45.5,43.6,17.9,18,25.9,19.4,26.6,64.9,38.1,59.1,70.1,20.2,35.1,52.5,26.9,31.1,64.4,46.2,44.9,4,9.5,59.5,19.2
86,46.3,79.1,17,42.5,87.2,77.9,39.1,31.4,90.4,64.3,80.8,82.6,76.6,0,67.9,44.9,59.2,4.1,64,14,93.8,39.3,69.2,63.2,80.1,79.2,47,61.6,63.8,11.4,100.1,65.6,84.1,106.3,51,53.2,89.9,72.6,90.7,36.9,44.3,79.1,7,72.4,31.8,94.7,62.8,41,37.3,52.2,59.2,15.2,64.1,79.9,30,73.8,85.4,65.5,58.2,56.2,68.4,91.7,55.9,70.6,38.5,41.4,98.4,65,54.1,8.1,62.2,73,89.6,13.6,54.1,73.8,63.6,58.8,62.4,48.8,33.1,22.5,91.5,13.9,51,27.3,11.2,57.3,33.2,111.4,111.1,27.5,64,21.4,74.2,50.5,90.2,85.2,99.3,67.1,60,75.2,51.6,87,60.4,54.6,15.3,90.7,8.6,35.7,85.4,96.6,58.1,65.6,27.2,44.4,90.2,72.2,84.1,87.6,32.2,80.5,33.1,38.1,7.3,87.1,42.1,60.8,48,39.9,22,80.9,56.6,97,110,63.4,32.6,54.1,66,81.2,80,84.9,33.1,63.3,72.4,65,71.2,62.3,56.6,49.7,75,51,39.6,67.5,67.5,70.9,12.2,43.1,72.4,43,68.6,64,82.4,93.5,109.8,45.2,28,22,89.9,88.7,55.2,2.2,79.8,76.2,65.5,37.2,43.6,39,85.5,48.9,97.8,54.3,105.4,17.8,84.9,47,59.5,60,72.1,19.8,12.2,64.9,82.3,42.4,83.8,64.8,30.4,50,29,83.5,43.2,36,41.9,57.6,68.4,23.4,72.4,41.1,21.8,59.5,79.6,49.6,57.2,24.3,79.5,57.7,89.8,58.7,89.6,51.9,68.1,38.1,64.8,10,51.3,68.3,82.4,63.3,66.6,58.9,79.2,57.6,85.5,59,91.4,51.9,48,63.6,45.5,79.6,77.8,67,81,57.5,32.8,80.2,76.2,58.2,61.3
96.9,82.3,26,77.1,54.1,36.2,44.3,43.3,82.7,109.8,22.1,104.2,104.6,64.4,67.9,0,29.1,88.6,66.1,94,54.1,40.3,74.6,94.6,70.9,89.1,87,26,68.1,6.7,61.5,49.2,27.8,23.8,64.1,76.5,65.7,62.6,97.9,33.8,31,24.1,89.1,69.9,23.5,36.1,78.4,68,61.8,64.5,24.4,68.4,56.5,19.1,26.1,39.4,99.3,59.5,64.4,13.6,72.9,28.6,80.1,68.2,92.4,84.2,44.4,57,18,17.7,70.6,17,88,54.9,81.5,25.2,27.7,19.4,62.5,49.6,21.2,71.1,51,82.9,78.5,21.2,63,61.3,33.2,43.7,69.3,66.6,44.3,80,79,16,51.9,75.6,20.6,74.7,4.5,78.5,44.4,48,44.1,61.6,14.4,52.6,92.2,61.7,38.6,30.6,62.6,87.2,7.1,69.9,44.7,112.2,11.7,67.1,38.1,82.9,15.7,65.3,71.5,74.3,33.5,26.2,17,73.3,29,77.1,36.2,12,56,72,86.8,44.7,52,15,96.3,78.4,59.8,37,42,24.7,19.7,5.4,10.8,12.8,32.2,19.2,83.3,82.7,56.2,56.2,42.9,79.4,29.8,6.7,69.5,46.3,18,61.7,46.2,71,84.4,82.3,46.5,35.9,52.8,26.4,70.1,12,14.9,3.6,54.1,64.9,54.8,69.3,48.5,69.9,71,70.2,55,42.2,23.2,63.9,77.7,19.9,79,64.1,53.9,65.3,32,54.7,56,44.7,76,66.3,82.8,35.4,69.9,42.2,29,94.9,74.2,66.2,52.4,50.1,10.6,48.7,39.1,14.2,70.5,35.4,11.4,48.1,9.2,72.5,17,93.2,29.8,5,77.9,89.9,51.6,29.2,20.8,46.6,59.5,43.7,59.7,89.5,9.4,45,16.1,22.8,44.8,41.6,20.6,41.8,83.4,14.2,88.5,61.1,67.7,72,10,47.4
73.2,53.3,34.1,50.2,25.8,42.5,36.8,14.3,54.1,84.5,39.7,77.8,78.5,46.5,44.9,29.1,0,60.5,42.1,66,33.2,49,45.5,67.4,46,65.5,63.6,3.2,43.3,28.7,42.4,55.9,21.3,39.6,64.5,48.3,38.9,53,70.8,45.8,16.1,10.8,65.2,49,27.5,18.4,64.1,43.6,33.1,35.5,31.3,42.8,38.4,37.5,35,25.3,72.2,48.7,41.6,27.6,46,24.1,63.6,41.8,65.8,55.1,15.8,56.4,37.5,26.4,45.3,17.7,62.6,49.4,58.2,9.2,29.1,18.8,37.7,29.4,8.6,42,36.2,65.3,52.8,26.4,34.1,35.8,15.5,15,69.8,68.8,31,53.8,51.5,30.1,25.8,60.2,41.8,64.5,26.3,51.6,34.8,22.8,43.8,37.6,22.6,31.1,71.3,37.1,31.1,40.5,57.2,59.1,30.9,41.1,17,86.4,38.5,52,43.1,54.1,44.6,36.1,42.4,50.1,42.2,11.2,16.5,44.9,9.1,49.3,36.9,17.5,55.1,69.9,59.5,16,27.3,36.2,71.4,57.6,48.5,12,25.1,46.7,20.1,30.1,30,24.1,8,44.7,54.6,53.6,36.7,36.7,31,57.1,27.5,31.1,40.7,31.1,19.3,48,49.7,69.4,55.4,54,28,45,47.9,10.6,47.2,40.6,42.5,25.7,25.1,36.4,25.9,54.1,22.2,61.2,43.9,66.1,28.8,41.6,7.1,39.1,50.9,43.4,51.8,37.9,33.7,50,3,45.4,35.2,34.2,47.7,37.3,62,34.2,40.8,13.6,13.9,67.5,46,45.9,23.9,34.5,26.4,39.8,13.9,26.9,42,35.5,24.2,47.2,21.5,58,13,65.9,15,24.5,54.1,60.9,34.1,37.4,18.4,30,35.4,37.6,35,67.5,23.9,47.6,15.6,24.2,27,14.2,35.1,35.8,57.4,39,60.2,32,50.5,51.5,19.7,27.3
30.1,13,80.6,45,34.7,82.2,64,46.4,31.3,31.3,99.4,21.6,23.3,44.6,59.2,88.6,60.5,0,55.5,5.7,62.6,88.1,20.2,10,24.3,27.2,27.7,63.5,26.1,89,68.3,89.2,66.5,89.3,84.9,12.2,23.8,62.6,13.3,89.6,69.3,69.7,25.8,66.1,75.4,66.7,55.8,27.2,27.7,27,89.1,24,69.1,97.5,81.6,71.6,14.6,59.7,33.2,87.8,17.1,67.9,50.2,22.2,12.4,23.3,44.7,79.4,97.6,85.9,51.6,73,18.6,69.1,62,63.5,73.5,71.9,30.1,45.3,69.1,26.6,73.8,47.6,51,85,34.9,50.9,57.2,48.8,88.2,90.2,74.1,15.2,41,83.2,37.3,52,94.6,65.3,85,13.2,61,41.4,75,32,82.8,61.3,39.4,53.8,80.2,84.9,71.8,1.4,91.3,32.3,43.9,31,98.8,51.3,81.1,30.3,104.2,29.2,22.4,56.2,84.5,68.8,72.5,15.6,65.2,39,74.2,77.7,78.3,83.6,7.1,48.1,38.3,96.6,24,36.1,58.7,58.7,52.8,106.8,72.4,88.1,90.4,84.4,56.4,105.1,8.2,21.1,43,43,58.1,65,82.1,88.6,20.5,53.1,73.2,53.9,82.1,84.2,15.1,35.2,66.4,86.3,69.7,62.6,59.8,98.9,102.7,85,36.1,24.2,34.8,51.1,40.3,67.2,18.4,78.2,49.6,74,67.4,29,14.1,103.8,43,48.1,43,50.6,58,61.8,41,78.5,12.8,31.8,36.9,86.8,24.6,46.9,61.1,9.2,36.2,38.3,36.6,72,86.8,62.1,49.7,87,34.9,73.3,84.6,75.2,81.8,53.7,73.5,9,69.3,83.6,59,11.7,48,82,70.6,51.2,33.1,66,32.2,34.2,84.3,80.1,76,82.1,50.5,47,85.9,66,15,94.9,2.2,32.2,45.9,37.2,79.9,46.5
82,42.7,76.2,15,38.5,84.1,74.3,35.4,28.6,86.7,63.8,77.1,78.9,72.5,4.1,66.1,42.1,55.5,0,60.4,13.3,90.7,35.5,65.5,59,76.1,75.2,44.3,57.5,62.3,13.6,96.8,62.4,81.4,102.6,47.1,49,86,68.9,87.8,35.2,42.2,75,11,69.5,30.1,90.6,58.7,36.9,33.2,51.6,55.1,16.4,63.4,77,29.3,70.1,81.5,61.4,57,52.2,65.2,87.6,51.8,66.8,35.4,37.6,94.8,64.3,53,5.8,59.5,69,85.9,16.1,51.1,70.7,60.8,54.7,58.5,46.5,29.3,23.3,87.4,13.3,50.1,23.2,7.2,53.9,29.7,107.7,107.5,27.5,60,19.1,71.7,46.5,86.2,82.9,95.3,65,56,71.5,47.7,83.5,56.3,53.2,14,86.6,5,35.7,82.5,92.8,54.3,64.2,23.3,40.6,86.6,71,80.1,84.4,29.4,79.2,29.1,34.1,8.2,84.1,40,58.2,44,37.6,19.2,77.6,54.6,93.4,106.2,59.5,29,50.1,65.1,77.2,75.9,81,30.5,59.5,72,62.2,69.1,61,55.1,46.4,74.2,47.3,36.2,63.5,63.5,67.3,15.6,42.6,70.3,39,64.8,61.3,78.4,90.1,106,41.8,25.5,21.2,86.8,85,52.2,5.8,78.1,75,63.6,33.1,39.5,34.9,81.4,44.9,93.8,50.2,101.6,14.1,81.5,44.6,55.4,56,71.3,17.8,8.1,60.9,78.3,39.4,80,60.8,30.9,46.1,25,79.4,43.3,32.1,38.2,54.4,64.8,20.1,68.4,37.1,22.4,58.1,75.9,46,56,20.6,76.2,56.2,86.3,56.9,85.5,49.7,64.3,36.3,62.8,12.1,47.9,64.4,79.4,60.4,62.8,54.8,75.7,53.5,81.4,57.4,88,50,47,59.8,41.8,77,74.2,63,78.8,53.9,28.6,76.2,72.1,56.3,57.4
28.3,17.7,85.4,49.3,40.2,86.6,68.1,52,35,27,105,17,19,47.7,64,94,66,5.7,60.4,0,68,92.3,25.5,6.7,28,26.9,27.8,69.1,30.1,94.6,73.4,93,71.5,94.1,87.9,17.8,28.8,65.5,9.1,94,75,75.3,25.5,70.8,80.4,72.3,57.2,31,33.3,32.6,94.8,28.3,74.3,103.1,86.3,77.2,10,62.8,37,93.4,21.8,72.8,51.5,26.9,10.6,27,50.2,82.7,103.2,91.5,56.3,78.3,18.6,72.4,66.1,68.9,78.3,77.1,34.5,49.8,74.6,31.8,79.2,48.5,55.1,90.6,40.3,56.1,62.4,54.5,91,93.2,79.6,18.1,45.1,88.3,42.5,53.7,99.6,67.2,90.4,17.1,65.2,46.6,79,36.3,88.4,66.6,38.9,58.9,85.8,89.4,74.7,7.1,96.8,37.3,49.4,26.3,104.3,53.9,85.4,34,109.7,34.7,27.8,60.7,89,74.4,77.8,21.3,70.8,43.3,78.6,83.2,81.6,86,9.1,53.7,43.3,102.2,22,37.6,61.8,64.4,57.5,112.4,77.6,93.5,96,90,61.8,110.7,13.4,25.1,47,47,62.5,69.3,87.8,93.9,26.2,57.4,78.4,56.9,86,86.7,19.1,39,71.9,90.7,73.2,68,64.5,104.2,108.2,90.4,41.8,29.8,40.5,53.5,45.6,69.6,23.4,80.7,55.1,78.1,73,33.4,18.1,109.4,47.1,53.1,47.3,53.4,63.6,65.3,45.2,84.1,18.4,37.1,37.7,92.5,30,52.4,66.3,5.4,40.8,41.4,42.2,77.4,92.4,66,55,92.6,39.8,77.8,90.2,79,87.4,55.7,79.1,6.4,75,89.1,63.3,14.1,52.2,86.7,75.8,55.6,37.7,70.1,36.9,34,89.9,84,81.6,87.7,55.1,52.5,90.8,70.3,16.8,100.1,6.7,37.8,48.5,39.6,85.4,51.2
86.3,50.6,67,27.7,38.1,75.7,68.5,31,39.7,93,50.5,83.9,85.4,71.1,14,54.1,33.2,62.6,13.3,68,0,82.2,42.5,72.2,61,79.6,78.4,34.8,59,49.8,9.4,89.1,54.5,71.3,96.8,52.5,51.1,82.3,75.8,78.6,23.1,30.9,78.8,16.1,60.4,18,89.5,60,39.3,37.1,38.3,57,7,50.2,67.8,16,77.1,77.9,61.4,44.2,55.7,57.3,87.3,54.1,72.7,45.3,33.8,88.8,51.1,40,19,49.6,73.5,80.8,27.5,42.4,62.3,51.4,55.1,55.4,35.8,36.2,11.4,87.7,26.7,37,27.9,12.7,47.2,24.7,102.1,101.4,14.3,64.1,31.4,61.4,44.9,85.1,72,92.7,53.5,60.4,66,44.9,76.7,56.3,40.6,2.2,89.1,10.8,22.5,73.4,88.2,61.3,51.6,31.1,37,93.4,58.2,78.2,76.4,40.4,66.5,33.8,40.3,21,75.3,28.6,48.3,49,26.9,30.8,70,43.1,87.4,101.4,65.5,24.4,48.3,52,82.2,77.1,77.5,21.2,54.6,58.7,52.8,57.6,48.3,42.6,39.2,61,54.6,45.6,61.4,61.4,61.9,25.3,29.3,58.9,43.7,60.4,51.6,75.6,82.8,101,50.5,37.2,8,78.1,79.6,43.8,16.1,66,62.1,51.9,33,42.6,35,79.8,42.4,90.5,53.6,97.1,13.3,74.5,34.1,56.1,60.2,58.1,30.4,16.3,58.5,76.2,31.1,75.6,58.9,18,51.5,30.9,81,30.1,38.1,33.6,46.8,71.7,30.4,67.9,36.2,9.9,45.5,70.8,40.7,43.2,29.2,68.6,43.7,79.8,44.9,83.9,38.5,70.9,24.4,51.3,24.1,56.9,61.1,70.4,51.2,58.6,54.5,69.6,53.3,84.1,45.1,80.7,38.3,34,55.5,37.2,66.9,68,67.5,67.4,61.3,31.8,75,72.4,44.6,53.9
83,87.6,15.8,96.6,61.1,6.7,24.2,56.8,96.2,98.1,62.2,96,95.6,47.4,93.8,40.3,49,88.1,90.7,92.3,82.2,0,82.6,89.9,64.4,76.2,74,47.4,62.2,46.8,91.3,9.1,28.3,17,25.7,78.1,65.1,35,92.4,7.1,61.7,53.3,76.8,98.1,21.9,65.8,52.6,61.3,68.7,73.2,63.7,64.1,87,59.2,15.3,71.7,93.6,34.5,55.4,53.1,71,25.6,56.9,66,86.3,94.1,55.5,20.6,58.1,56.5,93.3,33.4,79.1,25,106.8,39.8,20,31.1,58,43,47.5,82,83.6,60.7,100.2,59.5,77.3,84.1,37.6,61.4,30.3,27,77.5,74.5,96.8,24.7,53.9,51.9,23.2,44.6,37,75.2,27.1,50.2,13.9,56,51.9,80.2,73.8,85.7,74.3,9.8,29.8,87,47.3,83.8,53.5,101.5,49.2,45.2,7.1,95.9,46.2,76.2,79.8,98.5,7.2,55.3,34.8,76.3,55.9,94.2,14.3,43.9,20.2,34.5,83.4,62.3,51.5,54.9,85.1,62.4,35.4,61.1,36.5,63.1,29.7,34.9,51,51.1,44.4,56,86.1,91.8,45.3,45.3,30,106,66.7,33.7,75,35,31.2,39.8,9.2,33.2,90.8,97.4,76.4,4.5,23,38.6,96,38.1,50,39.2,64.5,70,63.9,47,52.6,38.9,70,34.4,76.9,14.3,48.8,59,74.2,58.1,97.6,85.6,45,44.3,51.4,30,47.1,79.4,78.2,79.4,65.8,73.4,79.3,54.1,36.4,90.8,90.2,52.6,60.7,82.1,50,26.9,46.6,53.5,85.8,15.5,49.8,15.8,45.2,48.3,46.6,88.8,60.3,38.6,102.6,94.3,40.1,12.2,31.1,37,55,22.2,56,73.4,47.5,10,48.5,59.9,38.2,51.1,19.6,22,76.9,30,89,72.7,48.8,56.9,43.8,42.2
47.2,8.5,72.1,26.7,22,76.1,60.1,31.3,16.3,51.2,82.4,41.8,43.4,47.5,39.3,74.6,45.5,20.2,35.5,25.5,42.5,82.6,0,30.1,28.6,42,41.5,48.7,28.3,73.9,48.1,85.7,57,80,85.5,12.4,20.6,64.6,33.5,82.5,51.4,53.2,40.8,46.3,66,48.2,63.3,29.7,14,10.2,71.4,25.5,48.8,80.8,73.1,52.4,34.8,60.7,34.7,71.6,19.7,59.1,58.8,21.9,31.3,11.7,30.6,78.7,81.1,69.1,32,60.8,34.2,68.4,43.7,50.8,65.1,60.4,28.6,40.5,53.9,6.3,53.7,57.5,32.8,67.7,15,30.7,47,31.8,89.7,90.8,54.4,26,23.4,72.3,28.6,58.9,84.3,70.7,71.6,21.8,56.9,32.4,71.2,30.8,66.6,41.2,53.5,33.5,61,77.3,73.2,19,76.2,12.2,31.1,51.2,83.8,55.2,75.5,15.6,90.1,10,3.2,37.1,77.6,52,60,10.3,48.4,20.9,68.2,63,77.4,86.3,24.1,30.9,31.3,80.5,42,45.3,59.9,41,46.1,90.2,61.3,75.2,74.7,68.4,43.6,89.4,12.1,9.2,41.7,41.7,53.2,46.3,63.8,75.9,8.1,48.7,61.5,55.8,78.4,86.5,9.8,19.4,46.6,79.9,68.4,50.5,40.1,85.9,87.8,71.2,20.6,12.6,20.2,55.9,30.1,71.1,18.6,81,29.7,69.6,52,28.4,22.1,87.7,25.3,27.9,40.2,53.9,42.7,61.3,38.9,58.8,11.4,11.7,47.9,67.9,5,32.8,50.1,29.4,17.3,41.7,23.1,52,71.1,59.6,38.1,70.7,15,67.1,68.9,72.4,66.9,59.4,58.3,28.9,51.6,69.9,40.3,15.8,45.2,74.2,59.3,46.5,30.5,62,29.2,48.1,68.9,76.2,60.4,64.6,44.6,34.2,76.1,61.4,28.4,83.2,18.8,13.9,50.2,43.4,65.2,40.8
21.6,23.1,84.1,55,41.7,84.5,65.8,53.7,41.1,21.2,106.8,11.7,13.3,44,69.2,94.6,67.4,10,65.5,6.7,72.2,89.9,30.1,0,25.7,20.8,22,70.3,28.2,95.6,78.2,90.1,70.8,93,83.9,20.2,28.8,61.5,3.6,92.2,77.5,77.1,19.4,76.1,79.5,75.2,52,28.9,35.6,35.8,97,26.9,78.8,104.7,85.1,80.5,5,59.1,34.5,94.9,21.6,71.9,46.1,26.4,4.5,33.1,51.7,79.2,104.8,93.3,61.7,78.4,13,69,72,69.3,77.2,76.9,33.2,48.4,75.9,36.4,83.3,42.9,61,92.7,44.4,60.7,62.2,56.9,86.7,89.1,83.2,15.5,51,87.7,42.7,48.7,98.8,62.3,90.7,16.1,63,46.6,76.4,34.8,89.9,70.8,32.6,63.6,89,87.8,70.7,11.2,97.8,42.2,50.4,21.2,105.2,49.6,83.2,40.1,110.1,38.5,32,66.3,87.1,76.4,78,23.9,72.9,49,76.7,84.2,78.1,81.5,7.8,56.2,42.9,103.6,15.3,32.6,58.1,66.8,56.3,114,77.4,93.6,97.3,91.4,62.4,111.8,18.2,31,44.7,44.7,60.6,75.1,90.4,94,29.2,55.5,78.3,53.2,83.2,82.2,25,45.1,75.6,88.6,70,68.3,69.9,104.3,109,91,44,32,42.5,49,46,65,23.6,76.2,59.1,75.7,74.4,32,17,110.8,53,58,45.4,49.4,65.1,62,43.2,87.7,21.1,41.4,32.2,95.4,34.2,53.8,66.2,1.4,46.3,38,43.8,81.4,93.7,63.3,55.5,94.2,44.9,75.9,91.5,76.1,88.4,51,80.3,1.4,77.3,89.6,69.1,20.6,50,85.2,75.6,53.9,36.4,67.7,35.8,27.8,91,81.3,83,89.9,53.8,53.4,89.9,68.1,13,99.7,12,41.2,44.4,35.4,86.4,50
27.3,28.6,58.5,54.1,23.5,58.9,40.2,34.5,44.8,38.9,85.6,33.6,33.8,20.6,63.2,70.9,46,24.3,59,28,61,64.4,28.6,25.7,0,19.7,18,48.6,2.8,72.8,69.1,65,45.7,67.4,60.7,17.8,10,38.6,28.5,66.5,59.1,56.6,19.2,70,54.1,58.2,34.7,3.2,22.2,26,77.2,4,68,83.2,59.5,64.6,29.7,35.4,9,73.2,9.2,46.5,30.2,7.3,22.5,38.9,31.8,55.1,83.1,72.4,57.3,54.2,17,44.7,70.6,46,51.6,52.4,8.5,22.8,54.2,32.6,70.6,29.1,60,72.4,35.9,52.5,37.8,39.6,64.3,66.1,68.7,10.2,51.5,62.6,20.2,30.4,73.4,42.8,66.8,11.2,37.3,23.4,51,9.4,68.4,59.1,28,55.4,72.7,62.1,47.8,23.5,75,38.1,29.5,41.2,82.1,27.8,57.6,44,86.2,30.4,27.8,62.9,61.4,56.4,54,18.4,53.2,48.8,51,61.6,53.9,59.9,19,39.3,19.1,81.5,25.5,17.1,34.5,49,30.9,92.2,52.7,69.4,75.1,69.7,39.7,89.1,25.1,36.1,19.1,19.1,34.9,72.4,72,69.6,21.5,29.8,53.8,29.7,58,60.4,32.2,48,61.8,63,45.4,44.6,64.5,79.9,85.7,67.4,28.2,19.6,26.2,28,23.9,43.9,10,54.6,48,50.2,53,7.1,10.2,88.5,53.2,51,19.6,26.8,44.4,37.5,17.5,73,18.4,34.8,20.4,78,29.1,33.5,42,26.5,44.7,14.3,25.7,68.6,71.6,38,32.6,72.6,41.2,50.2,69.5,51,65.8,31.2,58.3,24.5,58.6,65.9,66.7,33.1,24.3,59.5,51,28.2,11.4,42.2,11.3,23.2,68.7,56,61.2,70,28.2,31.9,64.5,42.4,13,74.8,25.7,30.4,22.5,14.9,63.7,24.6
7.8,38.1,73.6,68.7,43,71.7,52.8,54.2,56.6,21.9,104.9,21,20,28.8,80.1,89.1,65.5,27.2,76.1,26.9,79.6,76.2,42,20.8,19.7,0,2.2,68,22.4,91.5,87.1,74.7,62.5,82.5,66,29.6,28.9,44.2,21,79.7,78.8,76.2,1.4,87.1,70.2,77.8,32,22,40.3,43,96.7,23.4,86.6,102.4,74.4,84.1,21.5,42.8,24.8,92.4,24,62.8,26,25.7,16.4,49.2,51.5,62.4,102.2,91.8,73.4,72.1,8.6,53,85.7,64.7,67.1,70,27.8,39.6,73.5,47.5,89.6,22.5,74.7,91.9,53,70,55.9,59.1,68.2,71,88.1,16.1,65.3,79.2,39.8,29.3,89,42.8,84.9,20.2,50.5,42.7,62.3,28,87.7,77.8,12.2,73,92.4,76,53,27.5,93.6,53.5,49.2,25.3,100.5,32.2,70,55.7,104,47,42.4,78.8,74.7,76.1,72.1,32.2,72.9,62.8,64.4,80.4,61.5,62.5,20.2,58.8,38.3,100.4,9.1,14.1,41.8,68.7,47.5,111.2,70.1,87,94,88.8,58.8,107.7,33.1,46.6,33.6,33.6,49.4,88.1,91.7,87.1,37.1,44.7,71.4,36.9,68.4,63.4,41.1,60.4,81,75.8,54.3,63.1,81.2,97.2,104,85.6,47.3,37.1,45.4,31.1,43.4,46.2,26.1,57.3,66.4,62,72.4,26.4,20.1,107.3,67.2,68,35.5,32.6,64,46.6,33.3,92.4,30.6,51.1,12.2,97.7,44.3,53.2,60.1,22.2,59.2,24.2,45.2,87.7,90.6,49.4,51.9,91.8,56.6,64,88.6,61.1,84.6,32.1,77.4,20.6,78.3,84.2,82.2,38.8,38.8,73.8,68.6,43.6,30.2,54.6,30.5,7.1,87.6,66.8,80.4,89.6,44.7,51.5,80.2,55.5,13.6,91.4,29.4,48.1,27.7,19.3,82.5,41.7
9.9,38,71.3,68.2,41.5,69.5,50.6,52.6,56.5,24.2,102.9,23,22.1,26.6,79.2,87,63.6,27.7,75.2,27.8,78.4,74,41.5,22,18,2.2,0,66,20.6,89.5,86.1,72.6,60.3,80.3,64,29.1,27.5,42.1,22.5,77.5,77.1,74.3,3,86.2,68,76.2,30.4,20.1,39.1,42,94.9,21.8,85.4,100.4,72.2,82.6,23.1,40.6,22.7,90.4,23,60.6,24.4,24.3,17.5,49.2,49.8,60.3,100.2,89.9,72.7,70,9.2,50.8,85.1,62.6,64.9,67.9,25.9,37.5,71.6,46.9,88.3,21,74.2,90,52,69,53.8,57.6,66.3,69.1,86.6,15.5,64.8,77,38,27.5,86.8,41,82.7,19.6,48.3,40.8,60.1,26.1,85.7,76.5,12.1,72,90.8,73.8,51,27.8,91.5,52.8,47.4,27.5,98.4,30.1,67.8,55.5,101.9,46.1,41.8,78.1,72.5,74.2,70,31.6,71.1,62.4,62.2,78.4,59.4,60.7,20.6,57.3,36.4,98.4,11.2,12,39.6,67.1,45.3,109.2,67.9,84.9,92,86.8,56.9,105.6,33.1,46.5,31.4,31.4,47.2,87.5,90,85,36.2,42.4,69.3,34.7,66.2,61.5,41.2,60.2,79.6,73.5,52.2,61.1,80.4,95,101.9,83.5,45.9,36,43.9,29,41.6,44.3,25,55.4,65.2,59.8,70.5,24.6,19.4,105.3,66.8,67.1,33.3,30.4,62.2,44.4,31.1,91,30.1,50.2,10.4,96,43.6,51.5,58.1,23.3,58.7,22,43.7,86.3,88.6,47.2,49.9,89.9,55.9,61.7,86.6,58.9,82.6,30.1,75.5,21.6,76.6,82.1,81.6,39.2,36.6,71.6,66.5,41.4,28.3,52.4,28.7,6.7,85.6,64.6,78.5,87.7,42.5,49.6,77.9,53.2,13.4,89.2,29.8,47,25.5,17.1,80.4,39.6
75.7,56.5,32.2,53,28.8,41,36.7,17.5,57.1,87.2,37,80.6,81.3,48.1,47,26,3.2,63.5,44.3,69.1,34.8,47.4,48.7,70.3,48.6,68,66,0,45.8,25.6,43.9,54.6,20.2,37.2,64,51.3,41.7,53.5,73.8,43.8,15.8,9.1,67.7,50.8,25.6,18.9,65.3,46,36.2,38.6,29.2,45.5,39.6,34.7,33,25.5,75.2,49.3,43.8,24.8,48.8,23,65.1,44.6,68.6,58.2,18.9,55.9,34.7,23.9,47.8,15.2,65.3,49.3,60.4,8.1,27.6,16.6,40.2,31,5.7,45.1,36.9,66.9,55.4,24.2,37.2,38.3,16,18,69.3,68.1,31.3,56.6,54.3,27.5,28.4,61.5,39.1,65.2,23.2,54.5,34.9,25.2,43,40,19.8,32.8,73.4,39.4,30.6,38.6,57.3,62.1,27.8,44.2,19.8,89.1,35.4,53.2,41.8,57.2,41.4,39.3,45.5,52.4,40.5,10,13.9,48,8.9,52.2,35.8,14.3,54.6,69.6,62.5,19,29.7,33.3,74,59.6,49.2,13.9,26,43.8,18,27.1,27,21.2,9.5,41.6,57.7,56.8,38.3,38.3,31.4,59.2,26.1,28,43.8,32,17,49,48.6,69.1,58.5,57,29.1,43.3,47.8,9.8,49.2,37.5,39.4,22.6,28.2,39.4,29.1,55.3,24.8,61.7,46.8,66.1,31.3,40.8,4.5,41.6,53.8,40.5,54.6,40.5,35.4,51.2,6.1,45.7,37,34.2,50.8,40.4,64.1,33,44,16.6,13.6,70.4,49,47.8,26.9,35.2,23.4,40,16.1,24.1,45,34.4,21.3,46.5,18.4,59.2,10,68.9,14.6,21.4,56.4,64.1,35.4,35.6,16.4,31.1,37.7,37.3,37.4,69.8,20.8,46.6,12.7,22.1,28.2,17,32.7,35.5,60.1,36.1,63.3,35.2,52,53.5,16.6,28.9
30,29.2,56,53.2,21.2,56.6,38.1,32,44.6,41.7,82.8,36.4,36.6,19.7,61.6,68.1,43.3,26.1,57.5,30.1,59,62.2,28.3,28.2,2.8,22.4,20.6,45.8,0,70,67.2,63.1,42.9,64.8,59.5,18.4,8.5,37.6,31,64.1,56.5,53.9,22,68.4,51.5,55.7,35,1.4,20.6,24.7,74.4,2.8,66,80.4,56.9,62.1,32.3,34.2,7.3,70.4,9.8,43.9,30.9,6.4,25.1,39.1,29.2,53.6,80.3,69.6,56,51.4,19.8,43.2,69.5,43.1,49,49.6,5.7,20.2,51.4,31.9,68.4,30.1,59,69.6,34.5,50.8,35,37.1,63.2,64.8,66.3,12.6,50.8,59.9,17.5,30.6,70.8,42.5,64,13,35.1,20.6,49,6.7,65.6,57,30.1,53.8,70.2,59.7,46.6,25.2,72.1,37.1,26.8,44,79.2,27.2,55.3,43.9,83.4,29.2,27.2,61.7,59,53.7,51.2,18.4,50.5,48,48.7,58.7,52.4,59.1,21.2,36.9,16.3,78.6,28.3,18.4,33.2,46.5,28.2,89.4,49.9,66.6,72.2,66.8,36.9,86.3,26,36.2,17,17,32.6,71.2,69.4,66.9,20.8,27.5,51,28.6,56,59.5,32.8,47.6,59.5,60.7,43.7,41.8,63.1,77.1,82.9,64.5,26,18.4,24,27.7,21.1,43.3,10,53.7,46.1,48,50.2,4.2,12,85.6,52.5,49.5,17.3,26.1,41.7,35.9,15.1,70.6,18.9,33.6,22.1,75.4,28.3,30.9,39.2,28.9,43.9,13.6,23.3,66.4,68.8,36.1,29.8,69.8,40.2,47.9,66.7,49.2,63,31.1,55.4,26.9,55.9,63.1,65.6,34.2,22.1,57,48.3,25.7,8.6,40,8.5,25.5,65.9,54,58.4,67.2,25.6,29.2,61.8,40.2,15.7,72.1,27.3,28.9,22,15.3,60.8,21.9
99.4,81.9,32.2,74.1,54.4,42.6,49.2,42.9,80.8,111.7,16,105.6,106.2,68,63.8,6.7,28.7,89,62.3,94.6,49.8,46.8,73.9,95.6,72.8,91.5,89.5,25.6,70,0,56.6,55.8,32,30.5,70.3,76.9,66.8,67.7,99,40.5,27.1,21.4,91.4,65.3,29.1,32.1,82.9,70,61.8,64,17.8,70,51.5,13,32.4,34.5,100.4,64.3,66.8,7.1,74,33.2,84.2,69.5,93.7,82.9,44.4,63.1,12.2,11.4,67.1,20.6,89.8,60.4,77.3,26.9,33.1,23.4,64.4,52.4,20.1,69.9,45.7,86.8,75.1,15,61.4,58,35.8,42.4,75.5,73,39,81.5,76.3,22.4,53.2,79.8,27.2,79.8,10,79.6,49,49.5,50,63.7,9.2,48.5,95.4,58.1,32.8,37.1,68.3,87.7,2.2,68.2,45.2,113.9,9.8,71.3,44.4,81,17,64.3,70.8,70.5,40,23.2,20.1,73.6,26.5,74.5,42,11.4,62,78.1,87.8,43.3,53.7,9.5,98.3,81.5,64.6,34.5,45.3,20.1,24,12.1,4.1,7.3,33.3,16.3,83.2,81.6,59.4,59.4,47.2,75,23.9,13.4,69.4,50.1,22.1,66.1,52.5,77.1,83.8,80.1,42,42.4,58.3,28.4,65.9,16.6,13.9,8,53.7,65,54.6,73.5,49.7,75.1,72,76,52.2,48,21.9,65.8,78.9,15.8,76.2,61,56.9,69.5,31.3,59.7,58.8,38.9,76.3,64.8,86,29,69.1,42.2,31.6,95.8,72,69.3,52.5,44.9,4.5,53.6,40.4,7.8,68.4,41,6.1,54,7.2,76.9,15.7,94.2,26,9.1,73.8,89.5,55.1,35.5,24.7,50.1,61.6,48.8,61.5,92.4,5.1,51.2,13.6,17,48,42.2,27.2,46.9,85,20.5,88.8,60.2,71.6,75.2,9.2,50.2
93.5,55.7,75.9,28.3,46.7,84.9,77.9,40.3,42.2,99.2,55,89.8,91.5,80.1,11.4,61.5,42.4,68.3,13.6,73.4,9.4,91.3,48.1,78.2,69.1,87.1,86.1,43.9,67.2,56.6,0,98.3,63.7,79.9,106.3,59,59,91.7,81.6,87.5,30.9,39.1,86.2,9,69.4,26.1,98.5,68.3,47,44.2,43.1,65.1,5.1,55.1,76.7,22.1,82.9,87.2,70,50.4,63.1,66.5,96.1,62,79.1,48.9,43.1,98.2,56.2,46.1,19.1,58.4,80.6,90.2,22.2,51.6,71.4,60.3,63.6,64.6,44.4,41.8,12,96.3,25.2,42.8,34.4,17.5,56.6,34,111.5,110.8,18.1,71.3,32.6,69.9,53.9,94.1,80.1,102,61.3,67.5,75.5,54.1,86.1,64.9,47.4,11.7,97,14.6,26,82.3,97.6,67.1,58.2,36.1,46.2,99.3,64.3,87.3,85.6,43,72.8,40.4,46.3,18.4,84.3,36.9,57,55.7,35.6,32.8,79.3,51,96.8,110.8,71.8,33.6,57.3,57.6,89.1,85.5,86.8,30.5,64,63,61.7,65.3,54.6,49.3,48.6,66.3,60.1,49.6,70.5,70.5,71.3,19,34.2,66.6,50.5,69.8,60.4,84.9,92.1,110.5,55,39.1,15.3,87.1,89,53.1,12.5,73.1,68.1,59.5,41.4,50,43.4,88.9,51.5,99.8,61.1,106.6,21.1,83.9,42.8,64.5,67.4,63.1,31.1,20.2,67.7,85.4,40.5,85,68,20.1,58.1,36.9,89.3,33.1,44.1,43,56.1,77.5,33.6,76.7,44.9,12,52.2,80.3,50.1,49.5,33.6,77.9,50.6,89.2,52.4,93,46.6,76.9,32.2,59,19.9,61.3,70.4,79.4,60.2,68,63.2,79.1,62,92,52.2,90,46.1,40,64.8,46.5,75.5,77.4,74.5,75.2,66.7,39.1,83.9,81,52.3,63.2
81,90,24.2,101.7,65,13.9,25.7,62.1,100.1,96.3,71.2,95.2,94.5,46.4,100.1,49.2,55.9,89.2,96.8,93,89.1,9.1,85.7,90.1,65,74.7,72.6,54.6,63.1,55.8,98.3,0,34.7,26.1,17.5,80.1,67.1,31.4,92.3,16,69.4,61,75.5,104.7,29.7,73.2,48.4,62.1,72.1,76.9,72.4,65.3,94.2,68.2,23.8,79.4,93.3,32,56,62,72.4,31.8,53.2,67.6,86.2,97.4,60.5,14.2,67.1,65.2,99,41.3,78.5,21.8,112.8,46.7,27,38.8,59.5,45.4,55.2,85.8,91.2,57.3,105.7,68.2,81.8,90,43,67.2,21.6,18.1,85.2,75,101.5,33.5,57.2,48.3,32.1,39.2,45.9,76.1,28.9,53.9,14.6,57.4,60.5,87,70.9,91.8,82.5,18.7,24.4,88.3,56.3,88.1,58.2,99.9,58.2,42.7,12.8,99.7,55.1,80.2,83.2,104.4,15.8,63,42.7,78.6,63.3,98.8,19.2,52.3,14.4,26.4,84,68,54.4,64,83.7,60.6,33,67.9,39.9,72.2,37.4,43.9,59.9,59.8,50.4,65,88.1,94.9,46.2,46.2,32.6,112.3,75.1,42.8,77.9,37.1,39.1,37.9,7.3,25.1,93.4,101.6,83.6,13.3,20.4,45.3,102.3,47,59,48.1,68.9,73.1,68,44.3,56.5,33.6,71.7,27.2,82.8,16.2,56.4,60.4,75.1,67.2,102.5,91.3,46.5,42.2,58,28.3,48.4,87.4,80.2,83.7,63.6,81.9,82.9,59.4,42.5,91,94.8,52.2,64.9,89.6,58.8,27.1,51.6,62.3,90.3,20.6,58.5,14,53.9,44.8,54.7,89.1,68,47.4,108.6,96.3,41.4,20.6,38.6,39.3,56.7,23.8,57.9,71.2,56.3,9.5,56.8,68.4,41.1,56.1,28.6,24.4,77.1,39,90.4,77,47.1,55.7,52.4,44.9
70.2,63.2,15.1,68.5,35,21.6,18,28.8,69.2,83.8,47.5,79.3,79.4,36.6,65.6,27.8,21.3,66.5,62.4,71.5,54.5,28.3,57,70.8,45.7,62.5,60.3,20.2,42.9,32,63.7,34.7,0,23.1,43.9,55.1,42.7,36.2,73.8,26.2,35.8,27.9,62.6,70.1,9.1,39.1,50.9,42.5,43,47.1,44,43.9,59.7,44.6,16.1,45.7,75.2,32.6,38,35.5,49.6,2.8,52.3,44.6,68,68.2,27.9,35.8,44,37.1,65,11.4,62.4,30.3,78.5,12.2,8.5,8.5,37.6,23,22.1,55.4,57.1,55.1,72,39,49.7,55.8,10,33.1,49.2,47.9,51.5,55.5,68.9,17,29.4,47.9,28.2,48.4,23.3,54.8,17.3,25.3,22.8,36.2,32.1,52.3,64.7,57.4,50,20.9,38.3,65.3,33.6,56.5,26.3,86.5,39.4,39.4,22,69.1,41.8,49.5,54,70.2,21.9,29.5,12.2,52.6,29.2,66.4,15.6,23.1,34.5,50,63.3,34,28.2,41.4,70.2,51,32.8,33.2,15,52,8.1,24.8,35.4,32.2,16.1,47,62.8,66.1,29,29,15.2,77.8,43.9,24.8,50.1,18.6,9.8,34.2,28.4,49.3,66.1,70.1,49.2,24.6,28.4,10.6,67.8,34.7,42.4,24.6,37.5,45.1,37.2,41.6,27.1,44,48.1,46.9,48.5,20.6,22.8,38.9,53.9,47.4,69.6,57.3,27,37.6,23.3,28.2,29.2,54.1,54.9,52.2,55.3,51,53.2,26.2,8.1,71.3,62.6,38.9,34.1,55.5,32.8,22.1,19.2,35.4,58.2,14.2,31.4,26.4,26.5,44.9,23.2,69.5,34.4,23.3,74.3,70.5,24.1,17.7,7.3,19.1,34.4,18.1,34.9,62.2,29.6,26.4,26.1,38.2,17.8,23.5,19.4,16.1,58.6,29.2,66.9,45.7,40,44.6,24.3,21.1
89.9,86.3,8.9,89.6,58,14.9,30.5,50.6,91.7,104.3,45.4,100.7,100.6,54.4,84.1,23.8,39.6,89.3,81.4,94.1,71.3,17,80,93,67.4,82.5,80.3,37.2,64.8,30.5,79.9,26.1,23.1,0,42.3,78.1,65.5,46.6,95.9,10.2,49.2,40.8,82.9,87.5,14,53.8,64,64.3,66,70,47.9,66.1,75.2,42.4,8.1,58.9,97.1,44.7,59.1,37.1,72.3,21.4,67.2,67.2,89.9,91,50.2,36.1,41.2,40.8,84.9,21.9,83.7,37.2,97.5,31,15.8,20.9,59.8,44.6,35.5,78.2,70.9,70.7,92.4,44.1,71.8,75.4,33,53.9,47.1,44,64.4,77.5,90.5,10,52.5,62.3,7.2,57.8,21.1,77.2,32.2,48.4,25.1,58.2,36.6,69.5,82.5,76.6,60.2,8.5,43.9,88.1,30.7,78.8,49,107.4,32.1,54.5,17.1,91.5,29.4,72.2,77,89.6,11.4,43,23.3,75.7,44.4,88.1,19.1,29.7,35.4,50.8,85.7,54.8,51,38.1,90.8,69.6,45.3,51,36.7,46.1,19.6,18.4,34.5,35.5,37.5,39,85.8,89,49.2,49.2,33.1,96.2,52,17.1,73.2,38,20.2,48.8,24.5,49.6,89.1,92.2,64.6,13,35,30.6,86.3,21.2,33,23.3,60.1,68.2,60,56.6,50.2,52.4,70.8,50,68.4,23.9,37.2,61,76.2,41.1,91,77.5,47.9,53.1,42.4,39.7,50.2,65.8,77.9,74.5,73.6,58.2,76,48.4,30.1,93.6,84.5,58.3,57,69.7,34,34.7,42,37.6,80.2,19.1,34.1,28.6,30,58.8,33.4,91.7,47.8,23,93.5,93.5,43.8,9.2,21.6,39.4,56.6,29,57.3,81,31.9,24,34.7,45,39.2,46.1,4.5,27.7,80.4,13.2,89.8,68.3,56.9,63.5,29.1,43
